p.total_normA = 1023.752136
p.total_normB = 1024.896729
128,1024,1024,1024,1024,1000,previousAMM,gaussian_0.0_1.0,gaussian_0.0_1.0,1,1.000000,0.000000,1023.752136,1024.896729,32818.460938,347.815277,0.347815,32736.316406,32236.500000,33219.597656
